0
99.556
269.83
425.89
566.55
691.08
799.19
890.95
966.76
1027.3
1073.4
1106.1
1126.7
1136.4
1136.6
1128.6
1114
1094.1
1070.3
1043.8
1015.9
987.81
960.54
935.05
912.17
892.64
877.05
865.87
859.47
858.06
861.75
870.56
884.34
902.9
925.9
952.97
983.6
1017.3
1053.3
1091.2
1130.1
1169.5
1208.5
1246.4
1282.6
1316.4
1347.2
1374.3
1397.3
1415.6
1428.9
1437
1439.6
1436.6
1428.1
1414.3
1395.3
1371.6
1343.6
1312.1
1277.6
1241.2
1203.7
1166.1
1129.8
1095.8
1065.4
1040
1020.9
1009.4
1006.9
1014.5
1033.5
1064.9
1109.5
1168.1
1241.1
1328.5
1430.2
1545.6
1673.5
1812.3
1959.8
2113.2
2268.8
2422.2
2568
2699.9
2810.5
2891
2931.6
2921
2846.2
0
0
0
0
0
0
0
