128.3
276.48
439.17
609.69
782.42
952.79
1117.1
1272.5
1416.8
1548.4
1666.4
1770.4
1860.1
1935.9
1998.4
2048.2
2086.5
2114.2
2132.6
2142.9
2146.5
2144.6
2138.5
2129.4
2118.4
2106.5
2094.7
2083.9
2074.6
2067.6
2063.1
2061.6
2063.3
2068.1
2076.1
2087
2100.5
2116.3
2134
2152.8
2172.3
2191.8
2210.6
2228
2243.1
2255.4
2264.2
2268.7
2268.4
2262.7
2251.2
2233.4
2209.2
2178.4
2140.9
2096.9
2046.5
1990.2
1928.5
1862
1791.7
1718.3
1643.2
1567.4
1492.3
1419.4
1350.3
1286.5
1229.7
1181.6
1143.9
1118.2
1106.1
1109
1128.1
1164.6
1219.2
1292.4
1384.2
1494.2
1621.6
1764.6
1921.2
2088.3
2262
2437.3
2608.3
2767.8
2907.2
3016.8
3084.7
3098
3041.3
0
0
0
0
0
0
0
