1.82
33.975
57.9
76.949
95.999
110.7
114.44
113.04
111.63
111.94
126.73
151.37
176.01
200.92
210.04
206.89
203.75
198.17
195.39
199.32
203.3
213.41
228.02
239.05
250.35
252.6
238.02
221.58
204.56
196.2
204.19
212.38
220.73
219.02
207.26
201.36
195.22
203.34
224.32
240.2
256.45
259.31
241.43
223.98
206.85
196.85
192.87
190.67
188.48
186.9
197.45
213.56
229.29
251.46
261.85
269.47
274.52
267.57
238.16
200.25
166.08
135.2
124.81
120.71
116.67
113.45
105.63
94.718
84.019
75.604
76.42
84.006
91.419
100.77
107.26
107.53
107.77
109.97
105.11
102.78
99.543
112
159.87
223.74
293.91
359.25
396.35
420.79
446.15
469.63
404.01
333.88
272.32
0
0
0
0
0
0
0
