52.48
128.96
199.57
263.65
320.76
370.69
413.39
448.97
477.69
499.88
515.98
526.51
532.01
533.08
530.34
524.39
515.87
505.37
493.47
480.73
467.64
454.69
442.29
430.82
420.59
411.87
404.87
399.73
396.56
395.41
396.27
399.08
403.75
410.15
418.09
427.37
437.76
448.99
460.8
472.9
485.01
496.82
508.07
518.47
527.78
535.75
542.19
546.92
549.81
550.78
549.76
546.76
541.85
535.12
526.75
516.95
506.01
494.26
482.09
469.96
458.35
447.81
438.93
432.32
428.63
428.52
432.67
441.76
456.43
477.32
505.01
540.02
582.81
633.71
692.95
760.62
836.61
920.64
1012.2
1110.5
1214.5
1322.8
1433.7
1545
1654.1
1758
1852.9
1934.9
1998.9
2039.6
2050.6
2024.9
1954.7
0
0
0
0
0
0
0
