213.9
165.54
168.12
210.53
283.12
377.51
486.57
604.24
725.44
846
962.57
1072.5
1173.8
1265
1345.2
1413.8
1470.7
1516.2
1550.5
1574.4
1588.5
1594
1591.7
1582.8
1568.4
1549.4
1527.1
1502.5
1476.4
1449.9
1423.8
1398.7
1375.2
1354
1335.3
1319.5
1306.8
1297.2
1290.7
1287.2
1286.5
1288.3
1292.2
1297.9
1304.9
1312.6
1320.6
1328.3
1335.1
1340.6
1344.2
1345.4
1343.8
1339.1
1331
1319.1
1303.5
1284
1260.8
1233.9
1203.7
1170.5
1134.9
1097.5
1058.9
1020
981.75
945.1
911.12
880.93
855.68
836.54
824.66
821.14
827.04
843.29
870.67
909.79
961.02
1024.4
1099.8
1186.4
1283.2
1388.4
1500
1614.8
1729.3
1838.8
1937.9
2020
2077.4
2101.2
2081
0
0
0
0
0
0
0
