175.11
266.39
393.79
547.47
718.96
901.04
1087.6
1273.7
1455
1628.4
1791.3
1941.8
2078.6
2200.9
2308.3
2400.8
2478.8
2542.8
2593.7
2632.4
2659.9
2677.4
2686.2
2687.4
2682.3
2672
2657.7
2640.4
2621.2
2600.8
2580
2559.6
2540
2521.7
2505
2490
2476.9
2465.7
2456.1
2447.9
2441
2434.8
2429
2423.1
2416.5
2408.7
2399.2
2387.4
2372.8
2354.9
2333.2
2307.3
2276.9
2241.7
2201.7
2156.6
2106.6
2051.9
1992.7
1929.3
1862.4
1792.7
1720.8
1647.7
1574.4
1502
1431.8
1365
1303
1247.1
1198.9
1159.6
1130.7
1113.5
1109
1118.4
1142.4
1181.6
1236.4
1306.5
1391.4
1490.2
1601.1
1722.1
1850
1981
2110.5
2232.6
2340.5
2426.1
2479.8
2490.7
2446.2
0
0
0
0
0
0
0
