145.7
112.76
114.52
143.41
192.85
257.15
331.43
411.58
494.14
576.26
655.66
730.54
799.53
861.66
916.27
963.02
1001.8
1032.8
1056.1
1072.4
1082.1
1085.8
1084.2
1078.2
1068.3
1055.4
1040.2
1023.4
1005.7
987.63
969.81
952.71
936.74
922.27
909.55
898.79
890.11
883.57
879.15
876.78
876.3
877.53
880.22
884.1
888.84
894.11
899.54
904.77
909.43
913.15
915.59
916.42
915.36
912.16
906.6
898.55
887.9
874.63
858.79
840.48
819.9
797.31
773.05
747.54
721.27
694.79
668.73
643.76
620.62
600.06
582.86
569.82
561.72
559.33
563.35
574.41
593.06
619.71
654.6
697.8
749.12
808.12
874.04
945.75
1021.7
1100
1177.9
1252.5
1320
1375.9
1415.1
1431.3
1417.5
0
0
0
0
0
0
0
