3.3176
61.932
105.54
140.27
174.99
201.79
208.61
206.05
203.49
204.05
231.01
275.92
320.84
366.25
382.86
377.14
371.41
361.24
356.16
363.33
370.58
389.01
415.64
435.76
456.35
460.46
433.87
403.9
372.88
357.64
372.22
387.13
402.37
399.25
377.81
367.05
355.87
370.65
408.91
437.85
467.48
472.69
440.09
408.28
377.06
358.83
351.58
347.57
343.58
340.7
359.92
389.29
417.96
458.37
477.31
491.21
500.41
487.74
434.13
365.03
302.75
246.45
227.51
220.04
212.68
206.81
192.54
172.66
153.15
137.82
139.3
153.13
166.64
183.69
195.52
196.01
196.45
200.45
191.6
187.36
181.45
204.16
291.41
407.85
535.76
654.85
722.49
767.04
813.26
856.08
736.45
608.61
496.4
0
0
0
0
0
0
0
