176.53
182.79
198.49
221.1
248.45
278.73
310.42
342.31
373.41
402.96
430.4
455.34
477.54
496.86
513.31
526.95
537.94
546.47
552.79
557.18
559.94
561.38
561.79
561.48
560.72
559.8
558.94
558.36
558.25
558.75
559.98
562.03
564.93
568.71
573.35
578.8
584.99
591.82
599.17
606.9
614.85
622.87
630.78
638.41
645.59
652.17
657.98
662.9
666.8
669.59
671.21
671.61
670.81
668.82
665.72
661.63
656.69
651.1
645.1
638.97
633.02
627.61
623.14
620.01
618.69
619.63
623.32
630.23
640.86
655.67
675.09
699.54
729.35
764.8
806.1
853.33
906.45
965.28
1029.5
1098.5
1171.6
1247.7
1325.5
1403.5
1479.7
1551.7
1616.8
1671.7
1712.8
1735.8
1735.8
1707.2
1644
0
0
0
0
0
0
0
